a=[220 246.94 261.63 293.66 329.63 349.23 392 440 493.88 523.25 587.33 659.26 698.46 783.99 880];